# Calib format: 4x4 for 16 elements, 3x4 for 12 elements, 3x3 for 9 elements
# "Cam" stands for camera coordinate system
# For an easy way to parse calibs, check parseCalibs.py
# 2024-05-25 by Heng Wei Bin, 國立臺北科技大學 數位編碼與傳輸實驗室（陳彥霖）王偉斌 111598401

G5Intrist: 1418.667, 0.0, 640.0, 0.0, 0.0, 1418.667, 360.0, 0.0, 0.0, 0.0, 1.0, 0.0
G5Extrist: 1.0, 0.0, 0.0, 0.0, 0.0, 0.998, -0.087, -0.38, 0.0, 0.087, 0.998, 0.5, 0.0, 0.0, 0.0, 1.0
RadarToCam: -0.0, -0.99778, 0.08653, 0.0, -0.06976, -0.08632, -0.99535, -0.38, 0.99756, -0.00604, -0.0696, 0.5, 0.0, 0.0, 0.0, 1.0
M1Extrist: 1.0, 0.0, 0.0, 0.0, 0.0, 0.99778, -86.53, -0.28, 0.0, 0.08653, 0.99778, -0.865, 0, 0, 0, 1
M1ToCam: -0.0, -1.0, 0.0, -0.0666, 0.0, -0.9978, 0.9978, -0.0, -0.0666
Q4ToCam: 1.0, 0.017, 0.0, 0.1, -0.001, 0.07, -0.998, -1.28, -0.017, 0.997, 0.07, -0.865, 0.0, 0.0, 0.0, 1.0
VelodyneToCam: 0.037, -0.999, 0.009, 0.0, -0.094, -0.012, -0.996, -0.3, 0.995, 0.036, -0.094, -0.43, 0.0, 0.0, 0.0, 1.0